# DIFFUSION.c++ - Diffusion on a Circle - Canonical Ensemble
# (Version 0.27, written October 16, 2003)
# Author:  Christian Bracher
# 
# Evolution of the state ooooo..............
# (5 atoms on 19 sites)
# 
# (for additional information, see the file 5in19c16.INF)
# 
# Column 0: 	Time
# Column 1: 	<oxxxxxxxxxxxxxxxxxx> 	(equilibrium average: 0.263158)
# Column 2: 	<xoxxxxxxxxxxxxxxxxx> 	(equilibrium average: 0.263158)
# Column 3: 	<xxoxxxxxxxxxxxxxxxx> 	(equilibrium average: 0.263158)
# Column 4: 	<xxxoxxxxxxxxxxxxxxx> 	(equilibrium average: 0.263158)
# Column 5: 	<xxxxoxxxxxxxxxxxxxx> 	(equilibrium average: 0.263158)
# Column 6: 	<xxxxxoxxxxxxxxxxxxx> 	(equilibrium average: 0.263158)
# Column 7: 	<xxxxxxoxxxxxxxxxxxx> 	(equilibrium average: 0.263158)
# Column 8: 	<xxxxxxxoxxxxxxxxxxx> 	(equilibrium average: 0.263158)
# Column 9: 	<xxxxxxxxoxxxxxxxxxx> 	(equilibrium average: 0.263158)
# Column 10: 	<xxxxxxxxxoxxxxxxxxx> 	(equilibrium average: 0.263158)
# Column 11: 	<xxxxxxxxxxoxxxxxxxx> 	(equilibrium average: 0.263158)
# Column 12: 	<xxxxxxxxxxxoxxxxxxx> 	(equilibrium average: 0.263158)
# Column 13: 	<xxxxxxxxxxxxoxxxxxx> 	(equilibrium average: 0.263158)
# Column 14: 	<xxxxxxxxxxxxxoxxxxx> 	(equilibrium average: 0.263158)
# Column 15: 	<xxxxxxxxxxxxxxoxxxx> 	(equilibrium average: 0.263158)
# Column 16: 	<xxxxxxxxxxxxxxxoxxx> 	(equilibrium average: 0.263158)
# Column 17: 	<xxxxxxxxxxxxxxxxoxx> 	(equilibrium average: 0.263158)
# Column 18: 	<xxxxxxxxxxxxxxxxxox> 	(equilibrium average: 0.263158)
# Column 19: 	<xxxxxxxxxxxxxxxxxxo> 	(equilibrium average: 0.263158)
# 
1.000000 	0.993787 	0.998271 	0.998934 	0.998271 	0.993787 	0.006048 	0.001690 	0.000556 	0.000144 	0.000030 	0.000005 	0.000001 	0.000001 	0.000005 	0.000030 	0.000144 	0.000556 	0.001690 	0.006048 	
1.096478 	0.993542 	0.998180 	0.998819 	0.998180 	0.993542 	0.006250 	0.001776 	0.000621 	0.000174 	0.000039 	0.000008 	0.000001 	0.000001 	0.000008 	0.000039 	0.000174 	0.000621 	0.001776 	0.006250 	
1.202264 	0.993275 	0.998088 	0.998701 	0.998088 	0.993275 	0.006463 	0.001861 	0.000690 	0.000208 	0.000051 	0.000011 	0.000002 	0.000002 	0.000011 	0.000051 	0.000208 	0.000690 	0.001861 	0.006463 	
1.318257 	0.992985 	0.997997 	0.998580 	0.997997 	0.992985 	0.006689 	0.001947 	0.000763 	0.000246 	0.000065 	0.000015 	0.000003 	0.000003 	0.000015 	0.000065 	0.000246 	0.000763 	0.001947 	0.006689 	
1.445440 	0.992670 	0.997906 	0.998458 	0.997906 	0.992670 	0.006927 	0.002033 	0.000838 	0.000289 	0.000083 	0.000020 	0.000005 	0.000005 	0.000020 	0.000083 	0.000289 	0.000838 	0.002033 	0.006927 	
1.584893 	0.992326 	0.997816 	0.998337 	0.997816 	0.992326 	0.007179 	0.002118 	0.000916 	0.000337 	0.000104 	0.000027 	0.000007 	0.000007 	0.000027 	0.000104 	0.000337 	0.000916 	0.002118 	0.007179 	
1.737801 	0.991951 	0.997727 	0.998218 	0.997727 	0.991951 	0.007447 	0.002204 	0.000997 	0.000389 	0.000129 	0.000037 	0.000011 	0.000011 	0.000037 	0.000129 	0.000389 	0.000997 	0.002204 	0.007447 	
1.905461 	0.991543 	0.997638 	0.998103 	0.997638 	0.991543 	0.007730 	0.002289 	0.001079 	0.000447 	0.000158 	0.000049 	0.000016 	0.000016 	0.000049 	0.000158 	0.000447 	0.001079 	0.002289 	0.007730 	
2.089296 	0.991099 	0.997551 	0.997993 	0.997551 	0.991099 	0.008030 	0.002374 	0.001163 	0.000509 	0.000192 	0.000064 	0.000023 	0.000023 	0.000064 	0.000192 	0.000509 	0.001163 	0.002374 	0.008030 	
2.290868 	0.990615 	0.997464 	0.997889 	0.997464 	0.990615 	0.008350 	0.002459 	0.001248 	0.000575 	0.000231 	0.000082 	0.000032 	0.000032 	0.000082 	0.000231 	0.000575 	0.001248 	0.002459 	0.008350 	
2.511886 	0.990088 	0.997379 	0.997791 	0.997379 	0.990088 	0.008690 	0.002545 	0.001334 	0.000645 	0.000274 	0.000105 	0.000044 	0.000044 	0.000105 	0.000274 	0.000645 	0.001334 	0.002545 	0.008690 	
2.754229 	0.989517 	0.997294 	0.997701 	0.997294 	0.989517 	0.009053 	0.002631 	0.001419 	0.000719 	0.000323 	0.000133 	0.000060 	0.000060 	0.000133 	0.000323 	0.000719 	0.001419 	0.002631 	0.009053 	
3.019952 	0.988896 	0.997210 	0.997617 	0.997210 	0.988896 	0.009442 	0.002718 	0.001505 	0.000796 	0.000378 	0.000165 	0.000081 	0.000081 	0.000165 	0.000378 	0.000796 	0.001505 	0.002718 	0.009442 	
3.311311 	0.988224 	0.997125 	0.997540 	0.997125 	0.988224 	0.009859 	0.002806 	0.001591 	0.000875 	0.000437 	0.000204 	0.000108 	0.000108 	0.000204 	0.000437 	0.000875 	0.001591 	0.002806 	0.009859 	
3.630781 	0.987497 	0.997040 	0.997470 	0.997040 	0.987497 	0.010308 	0.002895 	0.001676 	0.000957 	0.000502 	0.000249 	0.000140 	0.000140 	0.000249 	0.000502 	0.000957 	0.001676 	0.002895 	0.010308 	
3.981072 	0.986711 	0.996953 	0.997404 	0.996953 	0.986711 	0.010793 	0.002986 	0.001761 	0.001041 	0.000572 	0.000301 	0.000180 	0.000180 	0.000301 	0.000572 	0.001041 	0.001761 	0.002986 	0.010793 	
4.365158 	0.985863 	0.996864 	0.997342 	0.996864 	0.985863 	0.011317 	0.003078 	0.001845 	0.001127 	0.000646 	0.000360 	0.000229 	0.000229 	0.000360 	0.000646 	0.001127 	0.001845 	0.003078 	0.011317 	
4.786301 	0.984949 	0.996771 	0.997282 	0.996771 	0.984949 	0.011885 	0.003173 	0.001929 	0.001214 	0.000726 	0.000426 	0.000286 	0.000286 	0.000426 	0.000726 	0.001214 	0.001929 	0.003173 	0.011885 	
5.248075 	0.983964 	0.996673 	0.997224 	0.996673 	0.983964 	0.012503 	0.003271 	0.002012 	0.001303 	0.000810 	0.000500 	0.000352 	0.000352 	0.000500 	0.000810 	0.001303 	0.002012 	0.003271 	0.012503 	
5.754399 	0.982903 	0.996569 	0.997165 	0.996569 	0.982903 	0.013176 	0.003372 	0.002095 	0.001392 	0.000899 	0.000582 	0.000429 	0.000429 	0.000582 	0.000899 	0.001392 	0.002095 	0.003372 	0.013176 	
6.309573 	0.981762 	0.996458 	0.997103 	0.996458 	0.981762 	0.013910 	0.003477 	0.002178 	0.001484 	0.000993 	0.000672 	0.000515 	0.000515 	0.000672 	0.000993 	0.001484 	0.002178 	0.003477 	0.013910 	
6.918310 	0.980534 	0.996338 	0.997039 	0.996338 	0.980534 	0.014711 	0.003587 	0.002262 	0.001576 	0.001091 	0.000771 	0.000611 	0.000611 	0.000771 	0.001091 	0.001576 	0.002262 	0.003587 	0.014711 	
7.585776 	0.979213 	0.996208 	0.996970 	0.996208 	0.979213 	0.015587 	0.003702 	0.002347 	0.001671 	0.001194 	0.000877 	0.000718 	0.000718 	0.000877 	0.001194 	0.001671 	0.002347 	0.003702 	0.015587 	
8.317638 	0.977793 	0.996066 	0.996895 	0.996066 	0.977793 	0.016545 	0.003823 	0.002433 	0.001767 	0.001302 	0.000990 	0.000833 	0.000833 	0.000990 	0.001302 	0.001767 	0.002433 	0.003823 	0.016545 	
9.120108 	0.976265 	0.995912 	0.996813 	0.995912 	0.976265 	0.017596 	0.003951 	0.002522 	0.001866 	0.001414 	0.001111 	0.000958 	0.000958 	0.001111 	0.001414 	0.001866 	0.002522 	0.003951 	0.017596 	
10.000000 	0.974621 	0.995743 	0.996723 	0.995743 	0.974621 	0.018748 	0.004088 	0.002614 	0.001967 	0.001530 	0.001238 	0.001090 	0.001090 	0.001238 	0.001530 	0.001967 	0.002614 	0.004088 	0.018748 	
10.964782 	0.972853 	0.995559 	0.996625 	0.995559 	0.972853 	0.020012 	0.004234 	0.002709 	0.002070 	0.001651 	0.001371 	0.001229 	0.001229 	0.001371 	0.001651 	0.002070 	0.002709 	0.004234 	0.020012 	
12.022644 	0.970950 	0.995357 	0.996517 	0.995357 	0.970950 	0.021402 	0.004391 	0.002808 	0.002176 	0.001775 	0.001509 	0.001374 	0.001374 	0.001509 	0.001775 	0.002176 	0.002808 	0.004391 	0.021402 	
13.182567 	0.968903 	0.995135 	0.996399 	0.995135 	0.968903 	0.022929 	0.004560 	0.002912 	0.002285 	0.001902 	0.001651 	0.001525 	0.001525 	0.001651 	0.001902 	0.002285 	0.002912 	0.004560 	0.022929 	
14.454398 	0.966700 	0.994891 	0.996269 	0.994891 	0.966700 	0.024609 	0.004744 	0.003021 	0.002396 	0.002031 	0.001796 	0.001678 	0.001678 	0.001796 	0.002031 	0.002396 	0.003021 	0.004744 	0.024609 	
15.848932 	0.964330 	0.994623 	0.996128 	0.994623 	0.964330 	0.026457 	0.004944 	0.003136 	0.002510 	0.002161 	0.001943 	0.001833 	0.001833 	0.001943 	0.002161 	0.002510 	0.003136 	0.004944 	0.026457 	
17.378008 	0.961780 	0.994327 	0.995972 	0.994327 	0.961780 	0.028490 	0.005162 	0.003256 	0.002626 	0.002293 	0.002090 	0.001989 	0.001989 	0.002090 	0.002293 	0.002626 	0.003256 	0.005162 	0.028490 	
19.054607 	0.959037 	0.994002 	0.995803 	0.994002 	0.959037 	0.030727 	0.005402 	0.003383 	0.002744 	0.002424 	0.002236 	0.002144 	0.002144 	0.002236 	0.002424 	0.002744 	0.003383 	0.005402 	0.030727 	
20.892961 	0.956087 	0.993643 	0.995618 	0.993643 	0.956087 	0.033186 	0.005665 	0.003517 	0.002864 	0.002554 	0.002380 	0.002296 	0.002296 	0.002380 	0.002554 	0.002864 	0.003517 	0.005665 	0.033186 	
22.908677 	0.952914 	0.993246 	0.995417 	0.993246 	0.952914 	0.035887 	0.005955 	0.003659 	0.002985 	0.002683 	0.002520 	0.002443 	0.002443 	0.002520 	0.002683 	0.002985 	0.003659 	0.005955 	0.035887 	
25.118864 	0.949504 	0.992806 	0.995197 	0.992806 	0.949504 	0.038850 	0.006276 	0.003808 	0.003108 	0.002809 	0.002656 	0.002586 	0.002586 	0.002656 	0.002809 	0.003108 	0.003808 	0.006276 	0.038850 	
27.542287 	0.945838 	0.992320 	0.994957 	0.992320 	0.945838 	0.042096 	0.006632 	0.003964 	0.003233 	0.002931 	0.002786 	0.002721 	0.002721 	0.002786 	0.002931 	0.003233 	0.003964 	0.006632 	0.042096 	
30.199517 	0.941900 	0.991780 	0.994696 	0.991780 	0.941900 	0.045646 	0.007028 	0.004130 	0.003359 	0.003051 	0.002909 	0.002849 	0.002849 	0.002909 	0.003051 	0.003359 	0.004130 	0.007028 	0.045646 	
33.113112 	0.937671 	0.991181 	0.994411 	0.991181 	0.937671 	0.049521 	0.007469 	0.004304 	0.003487 	0.003167 	0.003026 	0.002969 	0.002969 	0.003026 	0.003167 	0.003487 	0.004304 	0.007469 	0.049521 	
36.307805 	0.933131 	0.990515 	0.994099 	0.990515 	0.933131 	0.053742 	0.007961 	0.004488 	0.003617 	0.003280 	0.003136 	0.003080 	0.003080 	0.003136 	0.003280 	0.003617 	0.004488 	0.007961 	0.053742 	
39.810717 	0.928261 	0.989774 	0.993758 	0.989774 	0.928261 	0.058329 	0.008513 	0.004683 	0.003750 	0.003390 	0.003240 	0.003183 	0.003183 	0.003240 	0.003390 	0.003750 	0.004683 	0.008513 	0.058329 	
43.651583 	0.923038 	0.988947 	0.993383 	0.988947 	0.923038 	0.063302 	0.009132 	0.004889 	0.003887 	0.003498 	0.003337 	0.003278 	0.003278 	0.003337 	0.003498 	0.003887 	0.004889 	0.009132 	0.063302 	
47.863009 	0.917443 	0.988025 	0.992972 	0.988025 	0.917443 	0.068679 	0.009828 	0.005109 	0.004028 	0.003606 	0.003431 	0.003366 	0.003366 	0.003431 	0.003606 	0.004028 	0.005109 	0.009828 	0.068679 	
52.480746 	0.911454 	0.986995 	0.992517 	0.986995 	0.911454 	0.074479 	0.010612 	0.005343 	0.004174 	0.003714 	0.003521 	0.003449 	0.003449 	0.003521 	0.003714 	0.004174 	0.005343 	0.010612 	0.074479 	
57.543994 	0.905050 	0.985841 	0.992015 	0.985841 	0.905050 	0.080717 	0.011498 	0.005595 	0.004327 	0.003825 	0.003610 	0.003529 	0.003529 	0.003610 	0.003825 	0.004327 	0.005595 	0.011498 	0.080717 	
63.095734 	0.898214 	0.984549 	0.991457 	0.984549 	0.898214 	0.087407 	0.012499 	0.005867 	0.004488 	0.003940 	0.003699 	0.003608 	0.003608 	0.003699 	0.003940 	0.004488 	0.005867 	0.012499 	0.087407 	
69.183097 	0.890927 	0.983100 	0.990836 	0.983100 	0.890927 	0.094562 	0.013633 	0.006163 	0.004658 	0.004061 	0.003792 	0.003688 	0.003688 	0.003792 	0.004061 	0.004658 	0.006163 	0.013633 	0.094562 	
75.857758 	0.883175 	0.981473 	0.990140 	0.981473 	0.883175 	0.102190 	0.014918 	0.006486 	0.004838 	0.004189 	0.003889 	0.003771 	0.003771 	0.003889 	0.004189 	0.004838 	0.006486 	0.014918 	0.102190 	
83.176377 	0.874947 	0.979645 	0.989360 	0.979645 	0.874947 	0.110298 	0.016376 	0.006842 	0.005031 	0.004327 	0.003995 	0.003860 	0.003860 	0.003995 	0.004327 	0.005031 	0.006842 	0.016376 	0.110298 	
91.201084 	0.866237 	0.977589 	0.988480 	0.977589 	0.866237 	0.118888 	0.018030 	0.007237 	0.005237 	0.004475 	0.004109 	0.003958 	0.003958 	0.004109 	0.004475 	0.005237 	0.007237 	0.018030 	0.118888 	
100.000000 	0.857041 	0.975278 	0.987484 	0.975278 	0.857041 	0.127958 	0.019907 	0.007679 	0.005459 	0.004635 	0.004235 	0.004066 	0.004066 	0.004235 	0.004635 	0.005459 	0.007679 	0.019907 	0.127958 	
109.647820 	0.847366 	0.972678 	0.986353 	0.972678 	0.847366 	0.137501 	0.022035 	0.008175 	0.005699 	0.004808 	0.004374 	0.004188 	0.004188 	0.004374 	0.004808 	0.005699 	0.008175 	0.022035 	0.137501 	
120.226443 	0.837220 	0.969756 	0.985063 	0.969756 	0.837220 	0.147501 	0.024446 	0.008737 	0.005960 	0.004996 	0.004527 	0.004324 	0.004324 	0.004527 	0.004996 	0.005960 	0.008737 	0.024446 	0.147501 	
131.825674 	0.826623 	0.966473 	0.983588 	0.966473 	0.826623 	0.157940 	0.027174 	0.009377 	0.006245 	0.005200 	0.004696 	0.004476 	0.004476 	0.004696 	0.005200 	0.006245 	0.009377 	0.027174 	0.157940 	
144.543977 	0.815600 	0.962789 	0.981895 	0.962789 	0.815600 	0.168788 	0.030255 	0.010111 	0.006558 	0.005422 	0.004883 	0.004647 	0.004647 	0.004883 	0.005422 	0.006558 	0.010111 	0.030255 	0.168788 	
158.489319 	0.804185 	0.958660 	0.979947 	0.958660 	0.804185 	0.180008 	0.033726 	0.010956 	0.006905 	0.005663 	0.005087 	0.004836 	0.004836 	0.005087 	0.005663 	0.006905 	0.010956 	0.033726 	0.180008 	
173.780083 	0.792421 	0.954043 	0.977703 	0.954043 	0.792421 	0.191553 	0.037626 	0.011933 	0.007290 	0.005926 	0.005312 	0.005045 	0.005045 	0.005312 	0.005926 	0.007290 	0.011933 	0.037626 	0.191553 	
190.546072 	0.780357 	0.948890 	0.975110 	0.948890 	0.780357 	0.203371 	0.041993 	0.013066 	0.007724 	0.006212 	0.005557 	0.005276 	0.005276 	0.005557 	0.006212 	0.007724 	0.013066 	0.041993 	0.203371 	
208.929613 	0.768053 	0.943155 	0.972114 	0.943155 	0.768053 	0.215396 	0.046865 	0.014383 	0.008214 	0.006526 	0.005824 	0.005528 	0.005528 	0.005824 	0.006526 	0.008214 	0.014383 	0.046865 	0.215396 	
229.086765 	0.755573 	0.936792 	0.968650 	0.936792 	0.755573 	0.227556 	0.052275 	0.015917 	0.008773 	0.006872 	0.006114 	0.005802 	0.005802 	0.006114 	0.006872 	0.008773 	0.015917 	0.052275 	0.227556 	
251.188643 	0.742990 	0.929755 	0.964645 	0.929755 	0.742990 	0.239774 	0.058257 	0.017703 	0.009416 	0.007253 	0.006431 	0.006100 	0.006100 	0.006431 	0.007253 	0.009416 	0.017703 	0.058257 	0.239774 	
275.422870 	0.730377 	0.922003 	0.960021 	0.922003 	0.730377 	0.251963 	0.064833 	0.019781 	0.010159 	0.007678 	0.006775 	0.006422 	0.006422 	0.006775 	0.007678 	0.010159 	0.019781 	0.064833 	0.251963 	
301.995172 	0.717813 	0.913498 	0.954693 	0.913498 	0.717813 	0.264035 	0.072021 	0.022193 	0.011023 	0.008152 	0.007149 	0.006770 	0.006770 	0.007149 	0.008152 	0.011023 	0.022193 	0.072021 	0.264035 	
331.131121 	0.705371 	0.904208 	0.948567 	0.904208 	0.705371 	0.275900 	0.079829 	0.024985 	0.012032 	0.008686 	0.007559 	0.007146 	0.007146 	0.007559 	0.008686 	0.012032 	0.024985 	0.079829 	0.275900 	
363.078055 	0.693123 	0.894107 	0.941549 	0.894107 	0.693123 	0.287469 	0.088252 	0.028205 	0.013216 	0.009291 	0.008008 	0.007553 	0.007553 	0.008008 	0.009291 	0.013216 	0.028205 	0.088252 	0.287469 	
398.107171 	0.681131 	0.883178 	0.933544 	0.883178 	0.681131 	0.298657 	0.097274 	0.031901 	0.014607 	0.009982 	0.008503 	0.007995 	0.007995 	0.008503 	0.009982 	0.014607 	0.031901 	0.097274 	0.298657 	
436.515832 	0.669448 	0.871413 	0.924457 	0.871413 	0.669448 	0.309384 	0.106861 	0.036119 	0.016242 	0.010776 	0.009053 	0.008476 	0.008476 	0.009053 	0.010776 	0.016242 	0.036119 	0.106861 	0.309384 	
478.630092 	0.658110 	0.858811 	0.914200 	0.858811 	0.658110 	0.319581 	0.116968 	0.040902 	0.018163 	0.011695 	0.009666 	0.009004 	0.009004 	0.009666 	0.011695 	0.018163 	0.040902 	0.116968 	0.319581 	
524.807460 	0.647136 	0.845383 	0.902699 	0.845383 	0.647136 	0.329188 	0.127533 	0.046287 	0.020417 	0.012765 	0.010357 	0.009586 	0.009586 	0.010357 	0.012765 	0.020417 	0.046287 	0.127533 	0.329188 	
575.439937 	0.636526 	0.831146 	0.889892 	0.831146 	0.636526 	0.338158 	0.138481 	0.052303 	0.023053 	0.014014 	0.011140 	0.010232 	0.010232 	0.011140 	0.014014 	0.023053 	0.052303 	0.138481 	0.338158 	
630.957344 	0.626261 	0.816128 	0.875740 	0.816128 	0.626261 	0.346455 	0.149726 	0.058966 	0.026124 	0.015481 	0.012035 	0.010954 	0.010954 	0.012035 	0.015481 	0.026124 	0.058966 	0.149726 	0.346455 	
691.830971 	0.616300 	0.800359 	0.860231 	0.800359 	0.616300 	0.354055 	0.161170 	0.066282 	0.029679 	0.017205 	0.013066 	0.011767 	0.011767 	0.013066 	0.017205 	0.029679 	0.066282 	0.161170 	0.354055 	
758.577575 	0.606584 	0.783881 	0.843378 	0.783881 	0.606584 	0.360941 	0.172710 	0.074239 	0.033770 	0.019233 	0.014261 	0.012691 	0.012691 	0.014261 	0.019233 	0.033770 	0.074239 	0.172710 	0.360941 	
831.763771 	0.597039 	0.766735 	0.825230 	0.766735 	0.597039 	0.367104 	0.184240 	0.082806 	0.038442 	0.021616 	0.015654 	0.013749 	0.013749 	0.015654 	0.021616 	0.038442 	0.082806 	0.184240 	0.367104 	
912.010839 	0.587579 	0.748969 	0.805862 	0.748969 	0.587579 	0.372536 	0.195650 	0.091939 	0.043731 	0.024408 	0.017286 	0.014969 	0.014969 	0.017286 	0.024408 	0.043731 	0.091939 	0.195650 	0.372536 	
1000.000000 	0.578112 	0.730635 	0.785383 	0.730635 	0.578112 	0.377232 	0.206837 	0.101574 	0.049664 	0.027665 	0.019204 	0.016386 	0.016386 	0.019204 	0.027665 	0.049664 	0.101574 	0.206837 	0.377232 	
1096.478196 	0.568544 	0.711789 	0.763925 	0.711789 	0.568544 	0.381181 	0.217696 	0.111630 	0.056252 	0.031442 	0.021461 	0.018044 	0.018044 	0.021461 	0.031442 	0.056252 	0.111630 	0.217696 	0.381181 	
1202.264435 	0.558784 	0.692488 	0.741640 	0.692488 	0.558784 	0.384369 	0.228133 	0.122014 	0.063490 	0.035791 	0.024115 	0.019995 	0.019995 	0.024115 	0.035791 	0.063490 	0.122014 	0.228133 	0.384369 	
1318.256739 	0.548753 	0.672799 	0.718695 	0.672799 	0.548753 	0.386779 	0.238057 	0.132620 	0.071355 	0.040757 	0.027233 	0.022300 	0.022300 	0.027233 	0.040757 	0.071355 	0.132620 	0.238057 	0.386779 	
1445.439771 	0.538384 	0.652790 	0.695262 	0.652790 	0.538384 	0.388386 	0.247380 	0.143336 	0.079805 	0.046375 	0.030880 	0.025032 	0.025032 	0.030880 	0.046375 	0.079805 	0.143336 	0.247380 	0.388386 	
1584.893192 	0.527627 	0.632538 	0.671514 	0.632538 	0.527627 	0.389168 	0.256026 	0.154041 	0.088780 	0.052666 	0.035125 	0.028272 	0.028272 	0.035125 	0.052666 	0.088780 	0.154041 	0.256026 	0.389168 	
1737.800829 	0.516453 	0.612123 	0.647617 	0.612123 	0.516453 	0.389102 	0.263920 	0.164616 	0.098200 	0.059637 	0.040033 	0.032108 	0.032108 	0.040033 	0.059637 	0.098200 	0.164616 	0.263920 	0.389102 	
1905.460718 	0.504851 	0.591628 	0.623726 	0.591628 	0.504851 	0.388171 	0.270997 	0.174940 	0.107975 	0.067278 	0.045665 	0.036632 	0.036632 	0.045665 	0.067278 	0.107975 	0.174940 	0.270997 	0.388171 	
2089.296131 	0.492833 	0.571140 	0.599985 	0.571140 	0.492833 	0.386368 	0.277201 	0.184898 	0.118002 	0.075560 	0.052069 	0.041936 	0.041936 	0.052069 	0.075560 	0.118002 	0.184898 	0.277201 	0.386368 	
2290.867653 	0.480428 	0.550747 	0.576521 	0.550747 	0.480428 	0.383701 	0.282486 	0.194381 	0.128169 	0.084440 	0.059281 	0.048105 	0.048105 	0.059281 	0.084440 	0.128169 	0.194381 	0.282486 	0.383701 	
2511.886432 	0.467683 	0.530535 	0.553447 	0.530535 	0.467683 	0.380188 	0.286822 	0.203293 	0.138365 	0.093859 	0.067320 	0.055210 	0.055210 	0.067320 	0.093859 	0.138365 	0.203293 	0.286822 	0.380188 	
2754.228703 	0.454661 	0.510588 	0.530861 	0.510588 	0.454661 	0.375871 	0.290194 	0.211553 	0.148481 	0.103743 	0.076183 	0.063297 	0.063297 	0.076183 	0.103743 	0.148481 	0.211553 	0.290194 	0.375871 	
3019.951720 	0.441433 	0.490986 	0.508846 	0.490986 	0.441433 	0.370803 	0.292609 	0.219096 	0.158414 	0.114010 	0.085842 	0.072384 	0.072384 	0.085842 	0.114010 	0.158414 	0.219096 	0.292609 	0.370803 	
3311.311215 	0.428083 	0.471806 	0.487478 	0.471806 	0.428083 	0.365059 	0.294095 	0.225881 	0.168073 	0.124568 	0.096243 	0.082452 	0.082452 	0.096243 	0.124568 	0.168073 	0.225881 	0.294095 	0.365059 	
3630.780548 	0.414700 	0.453121 	0.466819 	0.453121 	0.414700 	0.358728 	0.294702 	0.231891 	0.177381 	0.135320 	0.107306 	0.093441 	0.093441 	0.107306 	0.135320 	0.177381 	0.231891 	0.294702 	0.358728 	
3981.071706 	0.401378 	0.435000 	0.446927 	0.435000 	0.401378 	0.351912 	0.294503 	0.237133 	0.186277 	0.146166 	0.118920 	0.105247 	0.105247 	0.118920 	0.146166 	0.186277 	0.237133 	0.294503 	0.351912 	
4365.158322 	0.388216 	0.417509 	0.427854 	0.417509 	0.388216 	0.344727 	0.293589 	0.241637 	0.194717 	0.157002 	0.130951 	0.117726 	0.117726 	0.130951 	0.157002 	0.194717 	0.241637 	0.293589 	0.344727 	
4786.300923 	0.375313 	0.400714 	0.409648 	0.400714 	0.375313 	0.337296 	0.292070 	0.245454 	0.202670 	0.167721 	0.143242 	0.130695 	0.130695 	0.143242 	0.167721 	0.202670 	0.245454 	0.292070 	0.337296 	
5248.074602 	0.362772 	0.384681 	0.392358 	0.384681 	0.362772 	0.329750 	0.290065 	0.248651 	0.210120 	0.178220 	0.155619 	0.143943 	0.143943 	0.155619 	0.178220 	0.210120 	0.248651 	0.290065 	0.329750 	
5754.399373 	0.350696 	0.369475 	0.376035 	0.369475 	0.350696 	0.322219 	0.287703 	0.251306 	0.217057 	0.188392 	0.167894 	0.157240 	0.157240 	0.167894 	0.188392 	0.217057 	0.251306 	0.287703 	0.322219 	
6309.573445 	0.339186 	0.355164 	0.360731 	0.355164 	0.339186 	0.314834 	0.285109 	0.253497 	0.223480 	0.198136 	0.179881 	0.170347 	0.170347 	0.179881 	0.198136 	0.223480 	0.253497 	0.285109 	0.314834 	
6918.309709 	0.328340 	0.341815 	0.346500 	0.341815 	0.328340 	0.307719 	0.282406 	0.255304 	0.229385 	0.207354 	0.191396 	0.183031 	0.183031 	0.191396 	0.207354 	0.229385 	0.255304 	0.282406 	0.307719 	
7585.775750 	0.318248 	0.329493 	0.333396 	0.329493 	0.318248 	0.300985 	0.279701 	0.256797 	0.234773 	0.215957 	0.202271 	0.195077 	0.195077 	0.202271 	0.215957 	0.234773 	0.256797 	0.279701 	0.300985 	
8317.637711 	0.308990 	0.318257 	0.321470 	0.318257 	0.308990 	0.294729 	0.277090 	0.258035 	0.239641 	0.223866 	0.212359 	0.206298 	0.206298 	0.212359 	0.223866 	0.239641 	0.258035 	0.277090 	0.294729 	
9120.108394 	0.300630 	0.308157 	0.310764 	0.308157 	0.300630 	0.289029 	0.274647 	0.259068 	0.243986 	0.231020 	0.221540 	0.216540 	0.216540 	0.221540 	0.231020 	0.243986 	0.259068 	0.274647 	0.289029 	
10000.000000 	0.293215 	0.299224 	0.301304 	0.299224 	0.293215 	0.283941 	0.272427 	0.259931 	0.247811 	0.237373 	0.229730 	0.225696 	0.225696 	0.229730 	0.237373 	0.247811 	0.259931 	0.272427 	0.283941 	
10964.781961 	0.286764 	0.291469 	0.293098 	0.291469 	0.286764 	0.279497 	0.270464 	0.260651 	0.251121 	0.242903 	0.236882 	0.233701 	0.233701 	0.236882 	0.242903 	0.251121 	0.260651 	0.270464 	0.279497 	
12022.644346 	0.281273 	0.284877 	0.286124 	0.284877 	0.281273 	0.275704 	0.268778 	0.261247 	0.253928 	0.247613 	0.242983 	0.240536 	0.240536 	0.242983 	0.247613 	0.253928 	0.261247 	0.268778 	0.275704 	
13182.567386 	0.276710 	0.279403 	0.280335 	0.279403 	0.276710 	0.272547 	0.267368 	0.261734 	0.256256 	0.251528 	0.248060 	0.246227 	0.246227 	0.248060 	0.251528 	0.256256 	0.261734 	0.267368 	0.272547 	
14454.397707 	0.273017 	0.274975 	0.275653 	0.274975 	0.273017 	0.269990 	0.266223 	0.262124 	0.258138 	0.254697 	0.252172 	0.250838 	0.250838 	0.252172 	0.254697 	0.258138 	0.262124 	0.266223 	0.269990 	
15848.931925 	0.270114 	0.271495 	0.271973 	0.271495 	0.270114 	0.267978 	0.265321 	0.262429 	0.259617 	0.257188 	0.255407 	0.254465 	0.254465 	0.255407 	0.257188 	0.259617 	0.262429 	0.265321 	0.267978 	
17378.008287 	0.267903 	0.268845 	0.269171 	0.268845 	0.267903 	0.266447 	0.264634 	0.262661 	0.260742 	0.259085 	0.257870 	0.257227 	0.257227 	0.257870 	0.259085 	0.260742 	0.262661 	0.264634 	0.266447 	
19054.607180 	0.266278 	0.266897 	0.267111 	0.266897 	0.266278 	0.265320 	0.264128 	0.262831 	0.261570 	0.260480 	0.259681 	0.259258 	0.259258 	0.259681 	0.260480 	0.261570 	0.262831 	0.264128 	0.265320 	
20892.961309 	0.265128 	0.265519 	0.265654 	0.265519 	0.265128 	0.264523 	0.263771 	0.262952 	0.262155 	0.261467 	0.260962 	0.260696 	0.260696 	0.260962 	0.261467 	0.262155 	0.262952 	0.263771 	0.264523 	
22908.676528 	0.264348 	0.264584 	0.264666 	0.264584 	0.264348 	0.263983 	0.263528 	0.263033 	0.262552 	0.262137 	0.261832 	0.261671 	0.261671 	0.261832 	0.262137 	0.262552 	0.263033 	0.263528 	0.263983 	
25118.864315 	0.263842 	0.263978 	0.264025 	0.263978 	0.263842 	0.263632 	0.263371 	0.263086 	0.262809 	0.262570 	0.262395 	0.262302 	0.262302 	0.262395 	0.262570 	0.262809 	0.263086 	0.263371 	0.263632 	
27542.287033 	0.263531 	0.263605 	0.263631 	0.263605 	0.263531 	0.263417 	0.263274 	0.263119 	0.262968 	0.262837 	0.262742 	0.262691 	0.262691 	0.262742 	0.262837 	0.262968 	0.263119 	0.263274 	0.263417 	
30199.517204 	0.263350 	0.263388 	0.263401 	0.263388 	0.263350 	0.263291 	0.263218 	0.263138 	0.263060 	0.262993 	0.262944 	0.262918 	0.262918 	0.262944 	0.262993 	0.263060 	0.263138 	0.263218 	0.263291 	
33113.112148 	0.263251 	0.263269 	0.263275 	0.263269 	0.263251 	0.263222 	0.263187 	0.263148 	0.263111 	0.263078 	0.263055 	0.263042 	0.263042 	0.263055 	0.263078 	0.263111 	0.263148 	0.263187 	0.263222 	
36307.805477 	0.263200 	0.263208 	0.263211 	0.263208 	0.263200 	0.263187 	0.263171 	0.263154 	0.263137 	0.263122 	0.263111 	0.263106 	0.263106 	0.263111 	0.263122 	0.263137 	0.263154 	0.263171 	0.263187 	
39810.717055 	0.263175 	0.263179 	0.263180 	0.263179 	0.263175 	0.263170 	0.263163 	0.263156 	0.263149 	0.263143 	0.263139 	0.263136 	0.263136 	0.263139 	0.263143 	0.263149 	0.263156 	0.263163 	0.263170 	
43651.583224 	0.263165 	0.263166 	0.263166 	0.263166 	0.263165 	0.263162 	0.263160 	0.263157 	0.263155 	0.263152 	0.263150 	0.263150 	0.263150 	0.263150 	0.263152 	0.263155 	0.263157 	0.263160 	0.263162 	
47863.009232 	0.263160 	0.263161 	0.263161 	0.263161 	0.263160 	0.263160 	0.263159 	0.263158 	0.263157 	0.263156 	0.263155 	0.263155 	0.263155 	0.263155 	0.263156 	0.263157 	0.263158 	0.263159 	0.263160 	
52480.746025 	0.263159 	0.263159 	0.263159 	0.263159 	0.263159 	0.263158 	0.263158 	0.263158 	0.263158 	0.263157 	0.263157 	0.263157 	0.263157 	0.263157 	0.263157 	0.263158 	0.263158 	0.263158 	0.263158 	
57543.993734 	0.263158 	0.263158 	0.263158 	0.263158 	0.263158 	0.263158 	0.263158 	0.263158 	0.263158 	0.263158 	0.263158 	0.263158 	0.263158 	0.263158 	0.263158 	0.263158 	0.263158 	0.263158 	0.263158 	
63095.734448 	0.263158 	0.263158 	0.263158 	0.263158 	0.263158 	0.263158 	0.263158 	0.263158 	0.263158 	0.263158 	0.263158 	0.263158 	0.263158 	0.263158 	0.263158 	0.263158 	0.263158 	0.263158 	0.263158 	
69183.097092 	0.263158 	0.263158 	0.263158 	0.263158 	0.263158 	0.263158 	0.263158 	0.263158 	0.263158 	0.263158 	0.263158 	0.263158 	0.263158 	0.263158 	0.263158 	0.263158 	0.263158 	0.263158 	0.263158 	
75857.757503 	0.263158 	0.263158 	0.263158 	0.263158 	0.263158 	0.263158 	0.263158 	0.263158 	0.263158 	0.263158 	0.263158 	0.263158 	0.263158 	0.263158 	0.263158 	0.263158 	0.263158 	0.263158 	0.263158 	
83176.377110 	0.263158 	0.263158 	0.263158 	0.263158 	0.263158 	0.263158 	0.263158 	0.263158 	0.263158 	0.263158 	0.263158 	0.263158 	0.263158 	0.263158 	0.263158 	0.263158 	0.263158 	0.263158 	0.263158 	
91201.083936 	0.263158 	0.263158 	0.263158 	0.263158 	0.263158 	0.263158 	0.263158 	0.263158 	0.263158 	0.263158 	0.263158 	0.263158 	0.263158 	0.263158 	0.263158 	0.263158 	0.263158 	0.263158 	0.263158 	
100000.000000 	0.263158 	0.263158 	0.263158 	0.263158 	0.263158 	0.263158 	0.263158 	0.263158 	0.263158 	0.263158 	0.263158 	0.263158 	0.263158 	0.263158 	0.263158 	0.263158 	0.263158 	0.263158 	0.263158 	
109647.819614 	0.263158 	0.263158 	0.263158 	0.263158 	0.263158 	0.263158 	0.263158 	0.263158 	0.263158 	0.263158 	0.263158 	0.263158 	0.263158 	0.263158 	0.263158 	0.263158 	0.263158 	0.263158 	0.263158 	
120226.443462 	0.263158 	0.263158 	0.263158 	0.263158 	0.263158 	0.263158 	0.263158 	0.263158 	0.263158 	0.263158 	0.263158 	0.263158 	0.263158 	0.263158 	0.263158 	0.263158 	0.263158 	0.263158 	0.263158 	
131825.673856 	0.263158 	0.263158 	0.263158 	0.263158 	0.263158 	0.263158 	0.263158 	0.263158 	0.263158 	0.263158 	0.263158 	0.263158 	0.263158 	0.263158 	0.263158 	0.263158 	0.263158 	0.263158 	0.263158 	
144543.977075 	0.263158 	0.263158 	0.263158 	0.263158 	0.263158 	0.263158 	0.263158 	0.263158 	0.263158 	0.263158 	0.263158 	0.263158 	0.263158 	0.263158 	0.263158 	0.263158 	0.263158 	0.263158 	0.263158 	
158489.319246 	0.263158 	0.263158 	0.263158 	0.263158 	0.263158 	0.263158 	0.263158 	0.263158 	0.263158 	0.263158 	0.263158 	0.263158 	0.263158 	0.263158 	0.263158 	0.263158 	0.263158 	0.263158 	0.263158 	
173780.082875 	0.263158 	0.263158 	0.263158 	0.263158 	0.263158 	0.263158 	0.263158 	0.263158 	0.263158 	0.263158 	0.263158 	0.263158 	0.263158 	0.263158 	0.263158 	0.263158 	0.263158 	0.263158 	0.263158 	
190546.071796 	0.263158 	0.263158 	0.263158 	0.263158 	0.263158 	0.263158 	0.263158 	0.263158 	0.263158 	0.263158 	0.263158 	0.263158 	0.263158 	0.263158 	0.263158 	0.263158 	0.263158 	0.263158 	0.263158 	
208929.613085 	0.263158 	0.263158 	0.263158 	0.263158 	0.263158 	0.263158 	0.263158 	0.263158 	0.263158 	0.263158 	0.263158 	0.263158 	0.263158 	0.263158 	0.263158 	0.263158 	0.263158 	0.263158 	0.263158 	
229086.765277 	0.263158 	0.263158 	0.263158 	0.263158 	0.263158 	0.263158 	0.263158 	0.263158 	0.263158 	0.263158 	0.263158 	0.263158 	0.263158 	0.263158 	0.263158 	0.263158 	0.263158 	0.263158 	0.263158 	
251188.643151 	0.263158 	0.263158 	0.263158 	0.263158 	0.263158 	0.263158 	0.263158 	0.263158 	0.263158 	0.263158 	0.263158 	0.263158 	0.263158 	0.263158 	0.263158 	0.263158 	0.263158 	0.263158 	0.263158 	
275422.870334 	0.263158 	0.263158 	0.263158 	0.263158 	0.263158 	0.263158 	0.263158 	0.263158 	0.263158 	0.263158 	0.263158 	0.263158 	0.263158 	0.263158 	0.263158 	0.263158 	0.263158 	0.263158 	0.263158 	
301995.172040 	0.263158 	0.263158 	0.263158 	0.263158 	0.263158 	0.263158 	0.263158 	0.263158 	0.263158 	0.263158 	0.263158 	0.263158 	0.263158 	0.263158 	0.263158 	0.263158 	0.263158 	0.263158 	0.263158 	
331131.121483 	0.263158 	0.263158 	0.263158 	0.263158 	0.263158 	0.263158 	0.263158 	0.263158 	0.263158 	0.263158 	0.263158 	0.263158 	0.263158 	0.263158 	0.263158 	0.263158 	0.263158 	0.263158 	0.263158 	
363078.054770 	0.263158 	0.263158 	0.263158 	0.263158 	0.263158 	0.263158 	0.263158 	0.263158 	0.263158 	0.263158 	0.263158 	0.263158 	0.263158 	0.263158 	0.263158 	0.263158 	0.263158 	0.263158 	0.263158 	
398107.170554 	0.263158 	0.263158 	0.263158 	0.263158 	0.263158 	0.263158 	0.263158 	0.263158 	0.263158 	0.263158 	0.263158 	0.263158 	0.263158 	0.263158 	0.263158 	0.263158 	0.263158 	0.263158 	0.263158 	
436515.832240 	0.263158 	0.263158 	0.263158 	0.263158 	0.263158 	0.263158 	0.263158 	0.263158 	0.263158 	0.263158 	0.263158 	0.263158 	0.263158 	0.263158 	0.263158 	0.263158 	0.263158 	0.263158 	0.263158 	
478630.092323 	0.263158 	0.263158 	0.263158 	0.263158 	0.263158 	0.263158 	0.263158 	0.263158 	0.263158 	0.263158 	0.263158 	0.263158 	0.263158 	0.263158 	0.263158 	0.263158 	0.263158 	0.263158 	0.263158 	
524807.460250 	0.263158 	0.263158 	0.263158 	0.263158 	0.263158 	0.263158 	0.263158 	0.263158 	0.263158 	0.263158 	0.263158 	0.263158 	0.263158 	0.263158 	0.263158 	0.263158 	0.263158 	0.263158 	0.263158 	
575439.937337 	0.263158 	0.263158 	0.263158 	0.263158 	0.263158 	0.263158 	0.263158 	0.263158 	0.263158 	0.263158 	0.263158 	0.263158 	0.263158 	0.263158 	0.263158 	0.263158 	0.263158 	0.263158 	0.263158 	
630957.344480 	0.263158 	0.263158 	0.263158 	0.263158 	0.263158 	0.263158 	0.263158 	0.263158 	0.263158 	0.263158 	0.263158 	0.263158 	0.263158 	0.263158 	0.263158 	0.263158 	0.263158 	0.263158 	0.263158 	
691830.970919 	0.263158 	0.263158 	0.263158 	0.263158 	0.263158 	0.263158 	0.263158 	0.263158 	0.263158 	0.263158 	0.263158 	0.263158 	0.263158 	0.263158 	0.263158 	0.263158 	0.263158 	0.263158 	0.263158 	
758577.575029 	0.263158 	0.263158 	0.263158 	0.263158 	0.263158 	0.263158 	0.263158 	0.263158 	0.263158 	0.263158 	0.263158 	0.263158 	0.263158 	0.263158 	0.263158 	0.263158 	0.263158 	0.263158 	0.263158 	
831763.771103 	0.263158 	0.263158 	0.263158 	0.263158 	0.263158 	0.263158 	0.263158 	0.263158 	0.263158 	0.263158 	0.263158 	0.263158 	0.263158 	0.263158 	0.263158 	0.263158 	0.263158 	0.263158 	0.263158 	
912010.839356 	0.263158 	0.263158 	0.263158 	0.263158 	0.263158 	0.263158 	0.263158 	0.263158 	0.263158 	0.263158 	0.263158 	0.263158 	0.263158 	0.263158 	0.263158 	0.263158 	0.263158 	0.263158 	0.263158 	
1000000.000000 	0.263158 	0.263158 	0.263158 	0.263158 	0.263158 	0.263158 	0.263158 	0.263158 	0.263158 	0.263158 	0.263158 	0.263158 	0.263158 	0.263158 	0.263158 	0.263158 	0.263158 	0.263158 	0.263158 	
