# Eigenvalues in simple diffusion, 5 particles on 19 sites, A=B=C=D=1
#
0	5.3290763697761e-15	.3
0 	-0.24122951685635 	.3	
0	-0.50659425715997 	.3
0	-0.72003422882107 	.3
0	-0.72003422882109 	.3
0	-0.93582222752412 	.3
0	-0.96987564406147 	.3
0	-0.96987564406152 	.3
0	-1.1466161726124 	.3
0	-1.3900069075667 	.3
0	-1.3900069075667 	.3
0 	-1.5725202517312 	.3
0	-1.5725202517312 	.3
0 	-1.6043849326084 	.3
0 	-1.6043849326084 	.3
0 	-1.8334192632749 	.3
0 	-1.8334192632749 	.3
0 	-1.8383360392183 	.3
0 	-2 			.3
#				.3
1	-0.10836551659875	.3
1	-0.36085586916879	.3
1	-0.5775103854395	.3
1	-0.64052592823827	.3
1	-0.81636771268786	.3
1	-0.84962887466232	.3
1	-1.0311443282313	.3
1	-1.2422625583321	.3
1	-1.2515581550375	.3
1	-1.3046485603892	.3
1	-1.4589650614871	.3
1	-1.4832710857475	.3
1	-1.5244779044104	.3
1	-1.5294523064187	.3
1	-1.6745000669912	.3
1	-1.7021829446254	.3
1	-1.8858480635796	.3
1	-1.9102386240005	.3
1	-1.9723454707382	.3
#				.3
2	-0.2027644408348	.3
2	-0.42171898120718	.3
2	-0.46761600440023	.3
2	-0.65043661086137	.3
2	-0.90266528820875	.3
2	-0.96660930760699	.3
2	-1.0810450916237	.3
2	-1.1154461370159	.3
2	-1.1335445814518	.3
2	-1.3501370451584	.3
2 	-1.350467191821		.3
2 	-1.5166297195025	.3
2 	-1.5618426950923	.3
2 	-1.6611658979249	.3
2 	-1.765060149915		.3
2 	-1.8015440282603	.3
2 	-1.8484808811532	.3
2 	-1.8709089105057	.3
2 	-1.9462194057105	.3
#				.3
3	-0.28344176924772	.3
3	-0.47169285360431	.3
3	-0.56187954127509	.3
3	-0.71217938937469	.3
3	-0.90610368375515	.3
3	-0.94862182300053	.3
3	-1.1497968765716	.3
3	-1.1600087197477	.3
3	-1.1890923966309	.3
3	-1.3690001441382	.3
3	-1.4308218947921	.3
3 	-1.484577943522		.3
3 	-1.6383749717426	.3
3 	-1.6972613682867	.3
3 	-1.7097427261864	.3
3 	-1.7554155762849	.3
3 	-1.9772894061951	.3
3 	-1.980366548963		.3
3 	-1.980649726479		.3
#				.3
4	-0.35062655161536	.3
4	-0.50949443207138	.3
4	-0.74984255271036	.3
4	-0.76317854752074	.3
4	-0.94548303702862	.3
4	-0.95743424103581	.3
4	-1.2137816599552	.3
4	-1.2918532750955	.3
4	-1.3737018179231	.3
4	-1.3871174152426	.3
4 	-1.5090290257184	.3
4 	-1.6045648250749	.3
4 	-1.6522173154546	.3
4 	-1.6990738233358	.3
4 	-1.7726232842873	.3
4 	-1.8065852555706	.3
4 	-1.8594261873336	.3
4 	-1.9473479941217	.3
#				.3
5 	-0.40452891200899	.3
5 	-0.53533628096084	.3
5	-0.72706445207491	.3
5	-0.94080371909188	.3
5	-0.98553312405631	.3
5	-1.0833660314912	.3
5	-1.1628204708133	.3
5	-1.2519495211865	.3
5	-1.4132334033441	.3
5	-1.5520695571545	.3
5	-1.5548220175508	.3
5 	-1.555106894479		.3
5	-1.6133869406827	.3
5 	-1.8042753113523	.3
5 	-1.8253845197215	.3
5 	-1.8792995685826	.3
5 	-1.9870737215325	.3
#				.3
6	-0.54941123548038	.3
6	-0.70014755468607	.3
6	-0.93455853253017	.3
6	-0.99749114566448	.3
6	-1.0863307705468	.3
6	-1.1626672672559	.3
6	-1.3471702964305	.3
6	-1.40166097461		.3
6	-1.4112389574482	.3
6	-1.5793265228793	.3
6	-1.6720020730161	.3
6 	-1.6731963309613	.3
6 	-1.7450177748692	.3
6 	-1.8582903482253	.3
6 	-1.8618839665434	.3
6 	-1.8839023785129	.3
6 	-1.9460891122886	.3
#				.3
7 	-0.66703521950284	.3
7	-0.83841808659847	.3
7	-0.9957188935884	.3
7	-1.1181892321701	.3
7	-1.1385455516989	.3
7	-1.188586771745		.3
7	-1.475626740318		.3
7	-1.4887053190621	.3
7	-1.5715948292158	.3
7	-1.5840467999936	.3
7	-1.6772818313007	.3
7 	-1.7131187244801	.3
7 	-1.7428785436047	.3
7 	-1.8041220131758	.3
7 	-1.8259073318276	.3
#				.3
8	-0.7510688448963	.3
8	-0.93961330794605	.3
8	-1.0968525198036	.3
8	-1.2385351761505	.3
8	-1.2529834186061	.3
8	-1.2862381095804	.3
8	-1.5267995507254	.3
8	-1.5346616201917	.3
8	-1.5717386027851	.3
8	-1.6750361660084	.3
8	-1.7125915200866	.3
8 	-1.741223121834		.3
8 	-1.760807916942		.3
8 	-1.7832129634924	.3
8 	-1.8794737511311	.3
8 	-1.9841539797669	.3
#				.3
9	-0.79509164183118	.3
9	-0.99319441865935	.3
9	-1.1809431672464	.3
9	-1.2336475915773	.3
9	-1.3242408210624	.3
9	-1.4312577811846	.3
9	-1.4931060333542	.3
9	-1.5187245941167	.3
9	-1.5657741575767	.3
9	-1.6722199929039	.3
9 	-1.7342956747795	.3
9 	-1.789069612206		.3
9 	-1.8478317085691	.3
9 	-1.8585074751579	.3
9 	-1.8653052635291	.3
9 	-1.9555513477481	.3
9 	-1.9863613034027	.3





